a.txt: 3,0.47712125471966244 7,0.47712125471966244 9,0.47712125471966244 
b.txt: 6,0.17609125905568124 8,0.22910001000567795 
c.txt: 0,0.47712125471966244 2,0.6207490639591157 4,0.47712125471966244 5,0.47712125471966244 6,0.17609125905568124 8,0.22910001000567795 
