2
a.txt: 0.5773502691896257
c.txt: 0.4445781001683895
